./aligned_img\202200008\021ea5a37a4a77315f162b3569aed709.png 87 67 284 348
./aligned_img\202200008\2ad576217f1788ae130a9ba94091fd02.png 125 68 325 321
./aligned_img\202200008\324daf8060165d87216af62785ed4b50.png 77 47 292 342
./aligned_img\202200008\5f6e4ba6146594a2b471816f3499efee.png 133 73 316 299
./aligned_img\202200008\6be2fb53e86c4a02b325d8b122bf6022.png 84 49 297 341
./aligned_img\202200008\736777ab038bac71021bf7f23d585b0f.png 85 67 288 344
./aligned_img\202200008\c92916cc5ec2c2e4fc041432fcdd9666.png 77 51 295 345
./aligned_img\202200008\e76f4e8a0a1183bbf6340c457586977d.png 90 57 297 346
./aligned_img\202200008\e77375151cb556886e92888b2bc0a7e6.png 78 51 291 342
./aligned_img\202200008\fe53c6444d61b61071c8e52093147d67.png 132 71 331 301
